{
 "cells": [
  {
   "cell_type": "code",
   "execution_count": 1,
   "metadata": {},
   "outputs": [],
   "source": [
    "# A K-Nearest Neighbors classifier applied to a dataset containing medical infomation about hospital patients.\n",
    "# Each feature represents to a medical test, while each instance corresponds to a patient and their respective score\n",
    "# on each test. The target attribute was whether the patient had suffered from a heart attack or not. The goal was to\n",
    "# predict patients who had suffered from a heart attack based on their test results. This technique could then be used\n",
    "# on future patients to idenfity those who were at risk of having a heart attack. Data obtained from 'www.kaggle.com'. \n",
    "\n",
    "# 1. Load the dataset as Pandas DataFrame object. Create another object containing just the target attribute.\n",
    "\n",
    "import pandas\n",
    "heart_data=pandas.read_csv('heart.csv')\n",
    "heart_data2=heart_data.copy()\n",
    "heart_data2=heart_data2.drop(['age','sex','cp','trestbps','chol','fbs',\n",
    "                              'restecg','thalach','exang','oldpeak','slope','ca','thal'], axis=1)"
   ]
  },
  {
   "cell_type": "code",
   "execution_count": 2,
   "metadata": {},
   "outputs": [
    {
     "data": {
      "text/html": [
       "<div>\n",
       "<style scoped>\n",
       "    .dataframe tbody tr th:only-of-type {\n",
       "        vertical-align: middle;\n",
       "    }\n",
       "\n",
       "    .dataframe tbody tr th {\n",
       "        vertical-align: top;\n",
       "    }\n",
       "\n",
       "    .dataframe thead th {\n",
       "        text-align: right;\n",
       "    }\n",
       "</style>\n",
       "<table border=\"1\" class=\"dataframe\">\n",
       "  <thead>\n",
       "    <tr style=\"text-align: right;\">\n",
       "      <th></th>\n",
       "      <th>0</th>\n",
       "      <th>1</th>\n",
       "      <th>2</th>\n",
       "      <th>3</th>\n",
       "      <th>4</th>\n",
       "      <th>5</th>\n",
       "      <th>6</th>\n",
       "      <th>7</th>\n",
       "      <th>8</th>\n",
       "      <th>9</th>\n",
       "      <th>10</th>\n",
       "      <th>11</th>\n",
       "      <th>12</th>\n",
       "      <th>13</th>\n",
       "    </tr>\n",
       "  </thead>\n",
       "  <tbody>\n",
       "    <tr>\n",
       "      <td>0</td>\n",
       "      <td>1.000000</td>\n",
       "      <td>0.117064</td>\n",
       "      <td>-0.033610</td>\n",
       "      <td>0.470612</td>\n",
       "      <td>-0.266187</td>\n",
       "      <td>0.103073</td>\n",
       "      <td>0.068990</td>\n",
       "      <td>-0.106833</td>\n",
       "      <td>0.149940</td>\n",
       "      <td>0.267381</td>\n",
       "      <td>-0.062291</td>\n",
       "      <td>0.236701</td>\n",
       "      <td>0.231290</td>\n",
       "      <td>-0.189687</td>\n",
       "    </tr>\n",
       "    <tr>\n",
       "      <td>1</td>\n",
       "      <td>0.117064</td>\n",
       "      <td>1.000000</td>\n",
       "      <td>-0.028235</td>\n",
       "      <td>0.193140</td>\n",
       "      <td>-0.213429</td>\n",
       "      <td>0.063914</td>\n",
       "      <td>-0.016263</td>\n",
       "      <td>0.149480</td>\n",
       "      <td>0.189977</td>\n",
       "      <td>0.148687</td>\n",
       "      <td>0.065875</td>\n",
       "      <td>0.143327</td>\n",
       "      <td>0.319238</td>\n",
       "      <td>-0.273964</td>\n",
       "    </tr>\n",
       "    <tr>\n",
       "      <td>2</td>\n",
       "      <td>-0.033610</td>\n",
       "      <td>-0.028235</td>\n",
       "      <td>1.000000</td>\n",
       "      <td>0.081848</td>\n",
       "      <td>-0.264081</td>\n",
       "      <td>0.086443</td>\n",
       "      <td>0.072312</td>\n",
       "      <td>0.311399</td>\n",
       "      <td>-0.374682</td>\n",
       "      <td>-0.140459</td>\n",
       "      <td>0.137698</td>\n",
       "      <td>-0.145942</td>\n",
       "      <td>-0.126638</td>\n",
       "      <td>0.431367</td>\n",
       "    </tr>\n",
       "    <tr>\n",
       "      <td>3</td>\n",
       "      <td>0.470612</td>\n",
       "      <td>0.193140</td>\n",
       "      <td>0.081848</td>\n",
       "      <td>1.000000</td>\n",
       "      <td>-0.692791</td>\n",
       "      <td>0.140899</td>\n",
       "      <td>0.087650</td>\n",
       "      <td>0.177095</td>\n",
       "      <td>0.114942</td>\n",
       "      <td>0.256480</td>\n",
       "      <td>-0.013775</td>\n",
       "      <td>0.111287</td>\n",
       "      <td>0.227098</td>\n",
       "      <td>-0.119954</td>\n",
       "    </tr>\n",
       "    <tr>\n",
       "      <td>4</td>\n",
       "      <td>-0.266187</td>\n",
       "      <td>-0.213429</td>\n",
       "      <td>-0.264081</td>\n",
       "      <td>-0.692791</td>\n",
       "      <td>1.000000</td>\n",
       "      <td>-0.070627</td>\n",
       "      <td>-0.222240</td>\n",
       "      <td>-0.807823</td>\n",
       "      <td>0.126382</td>\n",
       "      <td>-0.005121</td>\n",
       "      <td>-0.288368</td>\n",
       "      <td>0.025167</td>\n",
       "      <td>-0.213508</td>\n",
       "      <td>-0.195939</td>\n",
       "    </tr>\n",
       "    <tr>\n",
       "      <td>5</td>\n",
       "      <td>0.103073</td>\n",
       "      <td>0.063914</td>\n",
       "      <td>0.086443</td>\n",
       "      <td>0.140899</td>\n",
       "      <td>-0.070627</td>\n",
       "      <td>1.000000</td>\n",
       "      <td>-0.060510</td>\n",
       "      <td>-0.023519</td>\n",
       "      <td>0.003247</td>\n",
       "      <td>-0.009478</td>\n",
       "      <td>-0.051084</td>\n",
       "      <td>0.120669</td>\n",
       "      <td>-0.048560</td>\n",
       "      <td>-0.020853</td>\n",
       "    </tr>\n",
       "    <tr>\n",
       "      <td>6</td>\n",
       "      <td>0.068990</td>\n",
       "      <td>-0.016263</td>\n",
       "      <td>0.072312</td>\n",
       "      <td>0.087650</td>\n",
       "      <td>-0.222240</td>\n",
       "      <td>-0.060510</td>\n",
       "      <td>1.000000</td>\n",
       "      <td>0.207499</td>\n",
       "      <td>-0.071319</td>\n",
       "      <td>-0.051015</td>\n",
       "      <td>0.150411</td>\n",
       "      <td>-0.054606</td>\n",
       "      <td>0.108971</td>\n",
       "      <td>0.141319</td>\n",
       "    </tr>\n",
       "    <tr>\n",
       "      <td>7</td>\n",
       "      <td>-0.106833</td>\n",
       "      <td>0.149480</td>\n",
       "      <td>0.311399</td>\n",
       "      <td>0.177095</td>\n",
       "      <td>-0.807823</td>\n",
       "      <td>-0.023519</td>\n",
       "      <td>0.207499</td>\n",
       "      <td>1.000000</td>\n",
       "      <td>-0.269300</td>\n",
       "      <td>-0.224556</td>\n",
       "      <td>0.415108</td>\n",
       "      <td>-0.163678</td>\n",
       "      <td>0.094595</td>\n",
       "      <td>0.378872</td>\n",
       "    </tr>\n",
       "    <tr>\n",
       "      <td>8</td>\n",
       "      <td>0.149940</td>\n",
       "      <td>0.189977</td>\n",
       "      <td>-0.374682</td>\n",
       "      <td>0.114942</td>\n",
       "      <td>0.126382</td>\n",
       "      <td>0.003247</td>\n",
       "      <td>-0.071319</td>\n",
       "      <td>-0.269300</td>\n",
       "      <td>1.000000</td>\n",
       "      <td>0.313921</td>\n",
       "      <td>-0.239020</td>\n",
       "      <td>0.098971</td>\n",
       "      <td>0.225787</td>\n",
       "      <td>-0.427247</td>\n",
       "    </tr>\n",
       "    <tr>\n",
       "      <td>9</td>\n",
       "      <td>0.267381</td>\n",
       "      <td>0.148687</td>\n",
       "      <td>-0.140459</td>\n",
       "      <td>0.256480</td>\n",
       "      <td>-0.005121</td>\n",
       "      <td>-0.009478</td>\n",
       "      <td>-0.051015</td>\n",
       "      <td>-0.224556</td>\n",
       "      <td>0.313921</td>\n",
       "      <td>1.000000</td>\n",
       "      <td>-0.527652</td>\n",
       "      <td>0.208494</td>\n",
       "      <td>0.239999</td>\n",
       "      <td>-0.426155</td>\n",
       "    </tr>\n",
       "    <tr>\n",
       "      <td>10</td>\n",
       "      <td>-0.062291</td>\n",
       "      <td>0.065875</td>\n",
       "      <td>0.137698</td>\n",
       "      <td>-0.013775</td>\n",
       "      <td>-0.288368</td>\n",
       "      <td>-0.051084</td>\n",
       "      <td>0.150411</td>\n",
       "      <td>0.415108</td>\n",
       "      <td>-0.239020</td>\n",
       "      <td>-0.527652</td>\n",
       "      <td>1.000000</td>\n",
       "      <td>-0.046178</td>\n",
       "      <td>-0.003890</td>\n",
       "      <td>0.336327</td>\n",
       "    </tr>\n",
       "    <tr>\n",
       "      <td>11</td>\n",
       "      <td>0.236701</td>\n",
       "      <td>0.143327</td>\n",
       "      <td>-0.145942</td>\n",
       "      <td>0.111287</td>\n",
       "      <td>0.025167</td>\n",
       "      <td>0.120669</td>\n",
       "      <td>-0.054606</td>\n",
       "      <td>-0.163678</td>\n",
       "      <td>0.098971</td>\n",
       "      <td>0.208494</td>\n",
       "      <td>-0.046178</td>\n",
       "      <td>1.000000</td>\n",
       "      <td>0.150859</td>\n",
       "      <td>-0.381890</td>\n",
       "    </tr>\n",
       "    <tr>\n",
       "      <td>12</td>\n",
       "      <td>0.231290</td>\n",
       "      <td>0.319238</td>\n",
       "      <td>-0.126638</td>\n",
       "      <td>0.227098</td>\n",
       "      <td>-0.213508</td>\n",
       "      <td>-0.048560</td>\n",
       "      <td>0.108971</td>\n",
       "      <td>0.094595</td>\n",
       "      <td>0.225787</td>\n",
       "      <td>0.239999</td>\n",
       "      <td>-0.003890</td>\n",
       "      <td>0.150859</td>\n",
       "      <td>1.000000</td>\n",
       "      <td>-0.306949</td>\n",
       "    </tr>\n",
       "    <tr>\n",
       "      <td>13</td>\n",
       "      <td>-0.189687</td>\n",
       "      <td>-0.273964</td>\n",
       "      <td>0.431367</td>\n",
       "      <td>-0.119954</td>\n",
       "      <td>-0.195939</td>\n",
       "      <td>-0.020853</td>\n",
       "      <td>0.141319</td>\n",
       "      <td>0.378872</td>\n",
       "      <td>-0.427247</td>\n",
       "      <td>-0.426155</td>\n",
       "      <td>0.336327</td>\n",
       "      <td>-0.381890</td>\n",
       "      <td>-0.306949</td>\n",
       "      <td>1.000000</td>\n",
       "    </tr>\n",
       "  </tbody>\n",
       "</table>\n",
       "</div>"
      ],
      "text/plain": [
       "           0         1         2         3         4         5         6  \\\n",
       "0   1.000000  0.117064 -0.033610  0.470612 -0.266187  0.103073  0.068990   \n",
       "1   0.117064  1.000000 -0.028235  0.193140 -0.213429  0.063914 -0.016263   \n",
       "2  -0.033610 -0.028235  1.000000  0.081848 -0.264081  0.086443  0.072312   \n",
       "3   0.470612  0.193140  0.081848  1.000000 -0.692791  0.140899  0.087650   \n",
       "4  -0.266187 -0.213429 -0.264081 -0.692791  1.000000 -0.070627 -0.222240   \n",
       "5   0.103073  0.063914  0.086443  0.140899 -0.070627  1.000000 -0.060510   \n",
       "6   0.068990 -0.016263  0.072312  0.087650 -0.222240 -0.060510  1.000000   \n",
       "7  -0.106833  0.149480  0.311399  0.177095 -0.807823 -0.023519  0.207499   \n",
       "8   0.149940  0.189977 -0.374682  0.114942  0.126382  0.003247 -0.071319   \n",
       "9   0.267381  0.148687 -0.140459  0.256480 -0.005121 -0.009478 -0.051015   \n",
       "10 -0.062291  0.065875  0.137698 -0.013775 -0.288368 -0.051084  0.150411   \n",
       "11  0.236701  0.143327 -0.145942  0.111287  0.025167  0.120669 -0.054606   \n",
       "12  0.231290  0.319238 -0.126638  0.227098 -0.213508 -0.048560  0.108971   \n",
       "13 -0.189687 -0.273964  0.431367 -0.119954 -0.195939 -0.020853  0.141319   \n",
       "\n",
       "           7         8         9        10        11        12        13  \n",
       "0  -0.106833  0.149940  0.267381 -0.062291  0.236701  0.231290 -0.189687  \n",
       "1   0.149480  0.189977  0.148687  0.065875  0.143327  0.319238 -0.273964  \n",
       "2   0.311399 -0.374682 -0.140459  0.137698 -0.145942 -0.126638  0.431367  \n",
       "3   0.177095  0.114942  0.256480 -0.013775  0.111287  0.227098 -0.119954  \n",
       "4  -0.807823  0.126382 -0.005121 -0.288368  0.025167 -0.213508 -0.195939  \n",
       "5  -0.023519  0.003247 -0.009478 -0.051084  0.120669 -0.048560 -0.020853  \n",
       "6   0.207499 -0.071319 -0.051015  0.150411 -0.054606  0.108971  0.141319  \n",
       "7   1.000000 -0.269300 -0.224556  0.415108 -0.163678  0.094595  0.378872  \n",
       "8  -0.269300  1.000000  0.313921 -0.239020  0.098971  0.225787 -0.427247  \n",
       "9  -0.224556  0.313921  1.000000 -0.527652  0.208494  0.239999 -0.426155  \n",
       "10  0.415108 -0.239020 -0.527652  1.000000 -0.046178 -0.003890  0.336327  \n",
       "11 -0.163678  0.098971  0.208494 -0.046178  1.000000  0.150859 -0.381890  \n",
       "12  0.094595  0.225787  0.239999 -0.003890  0.150859  1.000000 -0.306949  \n",
       "13  0.378872 -0.427247 -0.426155  0.336327 -0.381890 -0.306949  1.000000  "
      ]
     },
     "execution_count": 2,
     "metadata": {},
     "output_type": "execute_result"
    }
   ],
   "source": [
    "# 2. Prepare the data by performing normalization. The target attribute is numeric (1 for 'suffered heart attck', 0 if not),\n",
    "# and so is included in the normalization. To correct this, the object created in step 1 which contains just the target\n",
    "# attribute is used to replace the normalized target attribute. The correlation of all the attributes is then calculated.\n",
    "# The target attribute is shown in column 13. Features that have a low correleation with the target attribute are removed\n",
    "# from the dataset. \n",
    "\n",
    "import sklearn.preprocessing\n",
    "heart_data3=heart_data.copy()\n",
    "norm_data=sklearn.preprocessing.normalize(heart_data3)\n",
    "norm_data=pandas.DataFrame(norm_data)\n",
    "norm_data=norm_data.drop(13, axis=1)\n",
    "norm_data.insert(13,'13', heart_data2)\n",
    "norm_data.corr()"
   ]
  },
  {
   "cell_type": "code",
   "execution_count": 3,
   "metadata": {},
   "outputs": [],
   "source": [
    "norm_data=norm_data.drop(labels=[0,1,3,4,5,6,7,10,11,12], axis=1)"
   ]
  },
  {
   "cell_type": "code",
   "execution_count": 4,
   "metadata": {},
   "outputs": [],
   "source": [
    "# Split the dataset into a training set and a test set. \n",
    "\n",
    "import sklearn.model_selection\n",
    "train_set, test_set = sklearn.model_selection.train_test_split(norm_data, test_size=0.2)\n",
    "train_set_att=train_set.copy()\n",
    "train_set_targ=train_set.copy()\n",
    "train_set_att=train_set_att.drop(labels='13', axis=1)\n",
    "train_set_targ=train_set_targ.drop(labels=[2,8,9], axis=1)\n",
    "test_set_att=test_set.copy()\n",
    "test_set_targ=test_set.copy()\n",
    "test_set_att=test_set_att.drop(labels='13', axis=1)\n",
    "test_set_targ=test_set_targ.drop(labels=[2,8,9], axis=1)"
   ]
  },
  {
   "cell_type": "code",
   "execution_count": 5,
   "metadata": {},
   "outputs": [
    {
     "name": "stderr",
     "output_type": "stream",
     "text": [
      "C:\\Users\\Laurenc\\Anaconda3\\envs\\Health\\lib\\site-packages\\ipykernel_launcher.py:5: DataConversionWarning: A column-vector y was passed when a 1d array was expected. Please change the shape of y to (n_samples, ), for example using ravel().\n",
      "  \"\"\"\n"
     ]
    }
   ],
   "source": [
    "# Apply the K-Nearest Neighbors algorithm and use it to make predictions on the test set.\n",
    "\n",
    "import sklearn.neighbors\n",
    "KNN=sklearn.neighbors.KNeighborsClassifier(n_neighbors=9)\n",
    "KNN.fit(train_set_att, train_set_targ)\n",
    "predictions=KNN.predict(test_set_att)"
   ]
  },
  {
   "cell_type": "code",
   "execution_count": 6,
   "metadata": {},
   "outputs": [
    {
     "name": "stdout",
     "output_type": "stream",
     "text": [
      "Model accuracy = 0.82\n"
     ]
    }
   ],
   "source": [
    "# Compare the precticed values with the true values.  \n",
    "\n",
    "import sklearn.metrics\n",
    "accuracy=round(sklearn.metrics.accuracy_score(test_set_targ, predictions),2)\n",
    "print('Model accuracy =',accuracy)"
   ]
  }
 ],
 "metadata": {
  "kernelspec": {
   "display_name": "Python 3",
   "language": "python",
   "name": "python3"
  },
  "language_info": {
   "codemirror_mode": {
    "name": "ipython",
    "version": 3
   },
   "file_extension": ".py",
   "mimetype": "text/x-python",
   "name": "python",
   "nbconvert_exporter": "python",
   "pygments_lexer": "ipython3",
   "version": "3.7.4"
  }
 },
 "nbformat": 4,
 "nbformat_minor": 2
}
